1.64
1.64
1.64
1.71
1.64
1.64
1.71
1.65
1.64
1.68
1.80
1.67
1.65
1.63
1.71
1.71
1.70
1.72
1.68
1.76
1.74
1.64
1.69
1.64
1.69
1.64
1.64
1.81
1.65
1.63
1.69
1.68
1.64
1.67
1.80
1.70
1.67
1.68
1.69
1.66
1.77
1.69
1.63
1.69
1.67
1.66
1.64
1.67
1.63
1.63
1.65
1.72
1.89
1.64
1.67
1.71
1.71
1.64
1.68
1.64
1.70
1.64
1.67
1.75
1.64
1.66
1.64
1.73
1.64
1.65
1.76
1.73
1.67
1.66
1.64
1.70
1.66
1.71
1.64
1.64
1.66
1.63
1.68
1.64
1.82
1.69
1.68
1.76
1.74
0.92
1.12
1.28
1.52
1.46
1.22
1.37
1.54
1.55
1.43
1.44
1.29
1.53
1.23
1.57
1.56
1.46
1.51
1.60
1.10
1.50
1.50
1.24
1.44
1.53
1.57
1.56
1.45
1.59
1.61
1.52
1.44
1.54
0.33
0.91
1.51
1.55
1.47
1.45
1.53
1.58
0.98
0.90
1.52
1.40
1.14
0.96
1.52
1.52
0.97
1.12
1.23
1.53
1.05
0.99
1.43
1.55
1.47
1.21
1.43
1.44
1.24
1.54
1.51
1.39
1.46
1.11
1.37
1.40
1.61
1.54
1.27
1.12
1.12
1.47
1.56
1.55
1.57
1.57
1.56
1.49
1.55
1.51
1.59
0.31
1.08
1.44
1.60
1.23
1.48
1.40
1.54
1.54
1.43
1.03
1.27
1.38
0.24
1.31
1.36
1.24
0.84
0.83
1.18
1.59
0.98
1.40
1.23
1.46
1.22
1.07
1.45
0.75
1.04
1.41
1.60
1.45
1.42
1.34
1.57
1.51
1.31
1.17
1.54
1.58
1.60
1.57
1.19
1.50
1.12
1.43
1.27
1.52
1.58
1.44
0.87
1.40
1.49
1.35
1.52
1.47
1.53
0.82
1.41
1.55
1.36
1.41
1.61
1.23
1.57
1.50
1.59
1.35
1.45
1.58
1.09
1.26
1.44
1.43
1.49
1.45
1.57
0.80
1.61
1.49
1.37
1.48
1.61
1.49
1.42
0.83
1.56
1.35
1.52
1.10
1.40
1.50
1.54
1.16
1.40
1.59
1.57
1.59
1.46
1.58
1.53
1.52
1.35
1.56
1.37
1.04
1.59
1.42
1.37
0.97
1.24
1.30
1.60
1.60
0.39
0.37
1.43
1.27
1.25
0.86
0.88
1.57
1.55
1.33
0.75
1.32
1.15
1.51
1.52
1.59
1.53
1.42
1.06
1.53
0.92
0.32
1.07
1.33
1.28
1.50
1.58
1.41
1.03
1.44
1.11
1.52
1.57
1.44
1.39
1.43
1.13
1.60
0.34
1.38
1.20
1.29
1.55
1.40
1.52
1.54
1.03
1.48
1.19
1.44
1.43
1.30
1.35
1.33
1.13
1.37
1.56
0.84
1.61
1.44
1.43
1.20
1.52
1.54
1.18
1.49
1.42
1.41
1.54
1.59
1.28
1.49
0.94
1.09
1.56
1.06
1.60
1.33
1.51
1.39
1.49
1.51
1.17
1.08
1.36
0.52
1.20
0.75
1.34
1.52
1.52
1.52
1.45
1.15
1.54
1.39
1.24
1.33
1.57
1.16
1.57
1.56
1.53
1.36
1.31
1.46
1.29
1.51
1.49
1.47
1.17
1.41
1.21
1.40
1.58
1.46
0.86
1.34
1.59
1.60
1.36
0.96
1.49
1.35
1.51
1.33
1.08
1.44
1.40
0.75
1.35
1.57
1.15
1.49
1.53
1.53
1.60
1.56
1.34
1.51
1.55
1.53
1.27
1.38
1.53
1.53
1.46
1.24
1.51
1.17
1.56
1.42
0.88
1.39
0.93
1.01
1.58
1.61
1.51
1.54
1.45
1.55
0.89
1.18
1.22
1.60
1.38
1.26
1.44
1.10
1.29
1.51
1.24
0.92
1.36
0.91
1.16
0.60
1.14
1.57
1.56
1.08
1.48
1.39
1.51
1.53
1.56
1.55
1.37
1.05
1.05
1.45
0.75
1.53
1.42
1.31
1.13
1.49
1.47
1.61
1.51
1.53
1.58
1.27
1.51
1.54
1.38
1.47
1.50
1.58
1.33
1.27
